a1 = -1.535262;
a2 = 0.586646;
b1 = 0.027970;
b2 = 0.023414;

tau = 3;
nB = 4;
nA = 2;

tsim = 4000;