
%liczba neuronów ukrytych: 4, liczba wejœæ sieci: 4
%wejœcie 1: u(k-3)
%wejœcie 2: u(k-4)
%wejœcie 3: y(k-1)
%wejœcie 4: y(k-2)
%uczenie w trybie ARX
w10(1,1)=2.2244194659e+000; w1(1,1)=5.7877809083e-001; w1(1,2)=-1.4806550482e-001; w1(1,3)=1.3089620221e+000; w1(1,4)=-3.5840934920e-001; 
w10(2,1)=1.2788365970e+000; w1(2,1)=2.1236317186e+000; w1(2,2)=2.3124741848e+000; w1(2,3)=2.3779964964e+000; w1(2,4)=3.8439619240e+000; 
w10(3,1)=-4.2962361256e-001; w1(3,1)=-4.0209860348e-002; w1(3,2)=-4.0415032365e-002; w1(3,3)=-2.5215893511e+000; w1(3,4)=-1.9436374997e+000; 
w10(4,1)=-2.2311550352e-001; w1(4,1)=1.1487548970e-001; w1(4,2)=-5.9291818879e-001; w1(4,3)=-1.5678759423e+000; w1(4,4)=1.8540036285e-001; 
w20=-1.2869295738e+000; w2(1)=1.2076904049e+000; w2(2)=-2.2375994891e-001; w2(3)=-1.6551212653e-001; w2(4)=-9.1728863278e-001; 

