
%liczba neuronów ukrytych: 5, liczba wejœæ sieci: 4
%wejœcie 1: u(k-3)
%wejœcie 2: u(k-4)
%wejœcie 3: y(k-1)
%wejœcie 4: y(k-2)
%uczenie w trybie OE
w10(1,1)=-9.7500557667e-001; w1(1,1)=-1.2319641115e+000; w1(1,2)=-1.4340139394e-002; w1(1,3)=-1.2792467692e-001; w1(1,4)=1.4627810557e-001; 
w10(2,1)=-1.6411303565e+000; w1(2,1)=-4.6605042948e-001; w1(2,2)=-1.6171055298e-001; w1(2,3)=-4.6443078723e-001; w1(2,4)=9.7039167171e-002; 
w10(3,1)=-4.5606762718e-001; w1(3,1)=-8.9236376196e-001; w1(3,2)=1.1362677226e-001; w1(3,3)=-1.1681651275e+000; w1(3,4)=9.3598921448e-001; 
w10(4,1)=-1.6842276987e-001; w1(4,1)=1.1855053246e-001; w1(4,2)=-1.0144861499e-001; w1(4,3)=-8.8056623206e-002; w1(4,4)=-6.0342516878e-002; 
w10(5,1)=5.5834241889e-001; w1(5,1)=-1.2525828229e-001; w1(5,2)=1.9554216511e-001; w1(5,3)=-6.7813352770e-001; w1(5,4)=3.4582374454e-001; 
w20=-5.9748777030e-001; w2(1)=3.8174667381e-001; w2(2)=-6.9991839313e-001; w2(3)=-6.8404324130e-001; w2(4)=-3.3638594191e+000; w2(5)=-1.2181674970e+000; 

