
%liczba neuronów ukrytych: 4, liczba wejœæ sieci: 4
%wejœcie 1: u(k-3)
%wejœcie 2: u(k-4)
%wejœcie 3: y(k-1)
%wejœcie 4: y(k-2)
%uczenie w trybie OE
w10(1,1)=3.8091636132e-001; w1(1,1)=1.9979557467e+000; w1(1,2)=-1.0162345088e+000; w1(1,3)=1.5931469894e+000; w1(1,4)=-1.3292297702e+000; 
w10(2,1)=1.0267481320e+000; w1(2,1)=-1.1121525824e-002; w1(2,2)=1.0592950771e-001; w1(2,3)=3.9378481243e-001; w1(2,4)=-8.5582898475e-002; 
w10(3,1)=4.3575543417e-001; w1(3,1)=1.1598996491e-001; w1(3,2)=-5.7551821773e-002; w1(3,3)=-4.7592380848e-001; w1(3,4)=1.1737772488e-001; 
w10(4,1)=1.1303973931e+000; w1(4,1)=3.5543284988e+000; w1(4,2)=-1.7805275574e+000; w1(4,3)=-8.6791264493e-001; w1(4,4)=6.7628667642e-001; 
w20=-1.0488984740e+000; w2(1)=2.7480583077e-001; w2(2)=2.3821670330e+000; w2(3)=-1.9816448167e+000; w2(4)=-9.6005938777e-002; 

