
%liczba neuronów ukrytych: 10, liczba wejœæ sieci: 4
%wejœcie 1: u(k-3)
%wejœcie 2: u(k-4)
%wejœcie 3: y(k-1)
%wejœcie 4: y(k-2)
%uczenie w trybie OE
w10(1,1)=6.1921903828e-002; w1(1,1)=1.2282197503e-001; w1(1,2)=-5.3929570007e-002; w1(1,3)=-1.0831255616e-001; w1(1,4)=-9.2740314990e-002; 
w10(2,1)=3.5504826250e-001; w1(2,1)=1.2164211568e-001; w1(2,2)=2.8066025472e-001; w1(2,3)=1.1354700316e-002; w1(2,4)=2.5950225800e-001; 
w10(3,1)=-2.0459938647e-002; w1(3,1)=-4.1739558497e-002; w1(3,2)=-9.4124947162e-002; w1(3,3)=-1.1305360513e-001; w1(3,4)=-8.8695955908e-002; 
w10(4,1)=-5.9036694781e-002; w1(4,1)=1.4225745886e-001; w1(4,2)=6.6111491895e-002; w1(4,3)=-6.4338193451e-002; w1(4,4)=-2.3209933347e-002; 
w10(5,1)=-6.8281516835e-001; w1(5,1)=-2.6421504135e-001; w1(5,2)=-3.5576219381e-001; w1(5,3)=-1.1032144710e-001; w1(5,4)=-2.1155811142e-001; 
w10(6,1)=-5.4657865034e-001; w1(6,1)=-5.5760231598e-002; w1(6,2)=-1.8816347823e-001; w1(6,3)=-1.4332702527e-001; w1(6,4)=-2.2507266738e-001; 
w10(7,1)=1.1722667371e-001; w1(7,1)=-7.6814635214e-002; w1(7,2)=-1.4688893555e-001; w1(7,3)=-6.0472348470e-002; w1(7,4)=-4.4691150916e-002; 
w10(8,1)=-4.4273358340e-001; w1(8,1)=-8.2525999601e-002; w1(8,2)=-6.6891668947e-002; w1(8,3)=-4.1827716753e-002; w1(8,4)=-3.1447398465e-001; 
w10(9,1)=-2.3596447106e-001; w1(9,1)=-3.8845750706e-002; w1(9,2)=-2.1439347423e-001; w1(9,3)=8.7858454291e-004; w1(9,4)=-2.6113205177e-001; 
w10(10,1)=-6.9149414495e-002; w1(10,1)=-7.3258485544e-002; w1(10,2)=6.5409502999e-002; w1(10,3)=3.0859022367e-002; w1(10,4)=1.2547857756e-001; 
w20=-1.0492348722e+000; w2(1)=-1.8697235960e-001; w2(2)=3.9773028588e-001; w2(3)=-2.1271676629e-001; w2(4)=-7.7610496149e-002; w2(5)=-5.6247981384e-001; w2(6)=-5.7765511941e-001; w2(7)=-1.1502459148e-001; w2(8)=-5.6997830895e-001; w2(9)=-3.7086666358e-001; w2(10)=1.2992580333e-001; 

