
%liczba neuronów ukrytych: 7, liczba wejœæ sieci: 4
%wejœcie 1: u(k-3)
%wejœcie 2: u(k-4)
%wejœcie 3: y(k-1)
%wejœcie 4: y(k-2)
%uczenie w trybie OE
w10(1,1)=-9.2202851188e-002; w1(1,1)=8.9946742172e-001; w1(1,2)=5.5221773420e-001; w1(1,3)=5.4672693961e-001; w1(1,4)=1.5118613995e+000; 
w10(2,1)=-1.5941352033e+000; w1(2,1)=2.1700992210e-001; w1(2,2)=-1.6211996451e-001; w1(2,3)=-7.8660804948e-001; w1(2,4)=2.6594264069e-001; 
w10(3,1)=-8.6928004913e-001; w1(3,1)=6.5219686503e-001; w1(3,2)=-3.2275078220e-001; w1(3,3)=-1.3010855954e+000; w1(3,4)=5.1087909368e-001; 
w10(4,1)=5.8577128646e-001; w1(4,1)=1.4750407542e+000; w1(4,2)=-4.1467134027e-001; w1(4,3)=1.2609072206e+000; w1(4,4)=-9.4857411753e-001; 
w10(5,1)=-1.3161175219e-001; w1(5,1)=1.2581295822e+000; w1(5,2)=2.2422692661e+000; w1(5,3)=-2.7161701219e-001; w1(5,4)=2.1042782794e-001; 
w10(6,1)=6.5572315560e-001; w1(6,1)=-1.4145452665e+000; w1(6,2)=5.1941086907e-001; w1(6,3)=8.0988458567e-001; w1(6,4)=-6.0084604299e-001; 
w10(7,1)=4.1170666246e-001; w1(7,1)=2.7206430251e-001; w1(7,2)=-9.6312167548e-002; w1(7,3)=-8.7087147737e-001; w1(7,4)=3.2070682065e-001; 
w20=-1.0071956669e+000; w2(1)=-5.6823042431e-003; w2(2)=-1.5421841772e+000; w2(3)=-3.0524141876e-001; w2(4)=2.6123642071e-001; w2(5)=2.6472810175e-002; w2(6)=-3.0207925374e-001; w2(7)=-1.5069044803e+000; 

