
%liczba neuronów ukrytych: 7, liczba wejœæ sieci: 4
%wejœcie 1: u(k-3)
%wejœcie 2: u(k-4)
%wejœcie 3: y(k-1)
%wejœcie 4: y(k-2)
%uczenie w trybie OE
w10(1,1)=4.3599763699e-003; w1(1,1)=9.3211015416e-001; w1(1,2)=8.3451750135e-001; w1(1,3)=-9.2541016189e-001; w1(1,4)=4.4436316501e-001; 
w10(2,1)=-9.4969228999e-002; w1(2,1)=8.9638569595e-001; w1(2,2)=1.1239300878e+000; w1(2,3)=-8.6279101222e-001; w1(2,4)=5.2421514234e-001; 
w10(3,1)=-1.1706121998e+000; w1(3,1)=-3.1644407304e-002; w1(3,2)=-1.0397788085e-001; w1(3,3)=-2.9895098337e-002; w1(3,4)=-3.3472431881e-001; 
w10(4,1)=-4.9924847120e-001; w1(4,1)=-6.2660492798e-003; w1(4,2)=-1.3855924699e-002; w1(4,3)=8.5683624499e-001; w1(4,4)=-2.1909401561e-001; 
w10(5,1)=-2.5721814374e+000; w1(5,1)=9.3559336917e-001; w1(5,2)=-2.4534672811e+000; w1(5,3)=2.3365246428e-001; w1(5,4)=-8.4659503251e-002; 
w10(6,1)=-6.9878211506e-001; w1(6,1)=8.7339041492e-002; w1(6,2)=-1.3555388560e-001; w1(6,3)=-1.5702696033e+000; w1(6,4)=1.0739385792e+000; 
w10(7,1)=8.0963129180e-001; w1(7,1)=-7.2275058040e-001; w1(7,2)=-1.7879663790e+000; w1(7,3)=2.1704553032e-001; w1(7,4)=-5.8880707942e-001; 
w20=-1.1321795667e+000; w2(1)=-3.1523723502e-001; w2(2)=4.1969503084e-001; w2(3)=-1.5158166090e+000; w2(4)=1.0421639198e+000; w2(5)=1.3110144238e-001; w2(6)=-7.8982586883e-001; w2(7)=8.5802128990e-002; 

