
%liczba neuronów ukrytych: 10, liczba wejœæ sieci: 4
%wejœcie 1: u(k-3)
%wejœcie 2: u(k-4)
%wejœcie 3: y(k-1)
%wejœcie 4: y(k-2)
%uczenie w trybie OE
w10(1,1)=-7.7098153732e-001; w1(1,1)=-7.0645291685e-003; w1(1,2)=-6.2507553690e-002; w1(1,3)=-3.7823558283e-002; w1(1,4)=-5.0968654289e-001; 
w10(2,1)=-1.0197349251e+000; w1(2,1)=8.8410076347e-001; w1(2,2)=1.0923680550e+000; w1(2,3)=3.4157672087e-001; w1(2,4)=-2.5728923535e-001; 
w10(3,1)=-1.6812871269e-001; w1(3,1)=-1.6735282628e-002; w1(3,2)=1.9266881763e-001; w1(3,3)=5.6275653874e-001; w1(3,4)=-3.0146224447e-001; 
w10(4,1)=6.5943699214e-002; w1(4,1)=-2.9384096986e-001; w1(4,2)=-7.5055556660e-001; w1(4,3)=1.1591841283e+000; w1(4,4)=5.1010284044e-001; 
w10(5,1)=-6.9544995871e-002; w1(5,1)=2.3521394650e-001; w1(5,2)=-1.0710037707e-002; w1(5,3)=-3.7866782508e-002; w1(5,4)=-1.8255983645e-001; 
w10(6,1)=-2.2836036475e-002; w1(6,1)=-1.5814302866e-001; w1(6,2)=1.9749338439e-001; w1(6,3)=-7.1909651795e-001; w1(6,4)=4.5260782272e-001; 
w10(7,1)=7.6817058073e-001; w1(7,1)=-8.7502977065e-001; w1(7,2)=-1.0313546918e+000; w1(7,3)=7.8012178699e-001; w1(7,4)=-6.0734474518e-001; 
w10(8,1)=-2.5920731527e+000; w1(8,1)=1.4880735460e-001; w1(8,2)=-1.1804334664e+000; w1(8,3)=4.4687104195e-001; w1(8,4)=-1.2201432247e+000; 
w10(9,1)=-3.8391914988e-001; w1(9,1)=4.0528265791e-001; w1(9,2)=1.1225298373e-001; w1(9,3)=5.5999637036e-001; w1(9,4)=-2.5794858303e-001; 
w10(10,1)=-1.2214031741e+000; w1(10,1)=-1.4027096814e-001; w1(10,2)=-9.7924539425e-002; w1(10,3)=-4.7162066787e-001; w1(10,4)=9.2231864095e-002; 
w20=-6.1918533871e-001; w2(1)=3.4852267540e-001; w2(2)=-5.6422464652e-001; w2(3)=1.1084805715e+000; w2(4)=-2.4747321331e-002; w2(5)=-1.5974903336e+000; w2(6)=-1.2668141273e+000; w2(7)=-6.1792717775e-001; w2(8)=6.1260207443e-002; w2(9)=2.6567775042e-001; w2(10)=-1.2071525718e+000; 

